
#E (GeV): representative value of the energy in the bin for a flux ~ E^-3
0.57  0.73  0.91 1.11 1.33 1.58 1.85 2.15 2.47 2.82 3.17 3.54 3.92 4.32 4.76 5.24 5.74 6.26 6.81 7.39 7.99 8.62 9.28 9.96 10.7 11.4 12.2 13.0 13.8 14.7 15.6 16.5 17.5 18.5 19.5 20.6 21.7 22.8 24.0 25.2 26.6 28.0 29.4 31.0 32.7 34.4 36.3 38.3 40.5 42.8 45.3 47.9 50.8 53.9 57.3 61.0 65.1 69.6 74.6 80.3 86.7 94.0 103 113 125 140 159 183 216 262 327 429 589 832

#Flux (1 / GeV m^2 sr s)

2.71e1 2.38e1 2.17e1 2.01e1 1.78e1 1.46e1 1.19e1 9.47e0 7.48e0 5.77e0 4.81e0 3.77e0 2.99e0 2.37e0 1.87e0 1.47e0 1.16e0 9.13e-1 7.24e-1 5.76e-1 4.57e-1 3.65e-1 2.92e-1 2.35e-1 1.89e-1 1.54e-1 1.26e-1 1.03e-1 8.42e-2 6.91e-2 5.73e-2 4.74e-2 3.93e-2 3.29e-2 2.75e-2 2.31e-2 1.94e-2 1.65e-2 1.39e-2 1.19e-2 9.98e-3 8.52e-3 7.22e-3 6.03e-3 5.15e-3 4.29e-3 3.64e-3 3.11e-3 2.59e-3 2.18e-3 1.81e-3 1.49e-3 1.24e-3 1.04e-3 8.62e-4 7.06e-4 5.62e-4 4.56e-4 3.66e-4 2.91e-4 2.32e-4 1.78e-4 1.37e-4 1.01e-4 7.26e-5 5.04e-5 3.55e-5 2.17e-5 1.27e-5 6.89e-6 3.45e-6 1.45e-6 5.41e-7 1.90e-7

#Statistical errors 

0.10e1 0.02e1 0.01e1 0.01e1 0.01e1 0.00 0.00 0.01 0.01 0.01 0.01 0.01 0.00 0.00 0.00 0.00 0.00 0.01e-1 0.01e-1 0.01e-1 0.01e-1 0.01e-1 0.01e-1 0.01e-1 0.00e-1 0.00e-1 0.00e-1 0.00e-1 0.03e-2 0.02e-2 0.02e-2 0.02e-2 0.02e-2 0.01e-2 0.01e-2 0.01e-2 0.01e-2 0.01e-2 0.01e-2 0.01e-2 0.06e-3 0.05e-3 0.04e-3 0.04e-3 0.03e-3 0.03e-3 0.03e-3 0.02e-3 0.02e-3 0.02e-3 0.02e-3 0.01e-3 0.01e-3 0.01e-3 0.10e-4 0.09e-4 0.07e-4 0.06e-4 0.05e-4 0.04e-4 0.03e-4 0.03e-4 0.03e-4 0.02e-4 0.15e-5 0.12e-5 0.09e-5 0.06e-5 0.04e-5 0.27e-6 0.17e-6 0.10e-6 0.56e-7 0.40e-7

#Systematical errors in other text file
