#  Elow        Eup          counts         cont.        flux         stat     aeff_syst  cont-ivc_syst
42.169650   48.696753   3948132.000000   0.019573   1.778613e-03   0.001486   0.012182   0.012714
48.696753   56.234133   2945631.500000   0.018832   1.137199e-03   0.001460   0.007875   0.013919
56.234133   64.938163   2189647.750000   0.023160   7.421544e-04   0.001654   0.026690   0.015699
64.938163   74.989421   1609639.625000   0.019185   4.655100e-04   0.001478   0.015517   0.016526
74.989421   86.596432   1161424.375000   0.029111   2.977858e-04   0.001868   0.008973   0.020099
86.596432   100.000000   865855.437500   0.029961   1.926647e-04   0.002100   0.012025   0.021971
100.000000   115.478198   629884.250000   0.033966   1.235524e-04   0.001940   0.011891   0.022649
115.478198   133.352143   466147.687500   0.033554   8.059027e-05   0.002113   0.016044   0.024979
133.352143   153.992653   343065.906250   0.039020   5.242245e-05   0.002466   0.020624   0.028572
153.992653   177.827941   253798.093750   0.043693   3.329078e-05   0.002925   0.012907   0.034296
177.827941   205.352503   187997.312500   0.042135   2.155128e-05   0.002717   0.015405   0.028883
205.352503   237.137371   138233.859375   0.045472   1.398081e-05   0.003161   0.020256   0.032372
237.137371   273.841963   101443.929688   0.053439   8.798960e-06   0.003848   0.015921   0.039819
273.841963   316.227766   75547.484375   0.060203   5.875957e-06   0.004680   0.014384   0.045415
316.227766   365.174127   54462.058594   0.062357   3.701637e-06   0.004799   0.018001   0.044076
365.174127   421.696503   37882.960938   0.072110   2.330138e-06   0.005842   0.018880   0.053887
421.696503   486.967525   28141.835938   0.066977   1.555475e-06   0.006716   0.006563   0.060260
486.967525   562.341325   19641.361328   0.075483   9.622008e-07   0.008225   0.015808   0.071383
562.341325   649.381632   13999.978516   0.071065   6.158753e-07   0.008762   0.033099   0.066865
649.381632   749.894209   10240.178711   0.060103   4.111648e-07   0.010130   0.042035   0.070383
749.894209   865.964323   7338.129883   0.078356   2.670632e-07   0.012165   0.024240   0.082166
865.964323   1000.000000   4937.662109   0.096163   1.628071e-07   0.015119   0.023808   0.093862
1000.000000   1154.781985   3406.450928   0.107090   1.030824e-07   0.017790   0.027842   0.087916
1154.781985   1333.521432   2248.732910   0.145618   6.314240e-08   0.022683   0.015899   0.096914
1333.521432   1539.926526   1491.499146   0.132849   3.832941e-08   0.027393   0.074804   0.106758
1539.926526   1778.279410   1085.872437   0.186003   2.570811e-08   0.035673   0.046567   0.143114
1778.279410   2053.525026   736.772583   0.216199   1.618206e-08   0.038627   0.076631   0.115305