# Elow       Eup         counts      cont.      flux         stat.      syst.
7.000000  7.817230    8231.088673    0.02   5.933009e-01   0.015910   0.032451
7.817230  8.714537    35911.618370   0.02   4.184984e-01   0.008340   0.033683
8.714537  9.700465    51416.995256   0.02   3.020721e-01   0.007341   0.035218
9.700465  10.788527   60018.733884   0.03   2.148297e-01   0.007147   0.034766
10.788527  11.996014   66545.415994   0.03   1.525525e-01   0.006979   0.035767
11.996014  13.318575   74724.857633   0.02   1.093920e-01   0.006766   0.029636
13.318575  14.777492   84089.765894   0.03   7.903071e-02   0.006697   0.028595
14.777492  16.398092   89109.298948   0.03   5.671182e-02   0.006696   0.030299
16.398092  18.196515   81202.742242   0.03   4.016049e-02   0.007160   0.029746
18.196515  20.169911   68111.073753   0.03   2.882208e-02   0.007586   0.029438
20.169911  22.369452   56832.430702   0.03   2.062276e-02   0.008386   0.027873
22.369452  24.830325   46535.355563   0.03   1.467475e-02   0.008939   0.021507
24.830325  27.582391   38266.796380   0.03   1.074564e-02   0.009719   0.016860
27.582391  30.670702   30448.647107   0.03   7.542521e-03   0.010909   0.018302
30.670702  34.053096   23407.925454   0.04   5.327778e-03   0.012820   0.019705
34.053096  37.879987   18867.063178   0.04   3.870588e-03   0.014223   0.018935
37.879987  42.171546   14718.446240   0.05   2.724925e-03   0.016194   0.017236
42.171546  46.954248   11186.381166   0.05   1.919987e-03   0.018803   0.018088
46.954248  52.327658   8618.048643    0.06  1.353553e-03   0.021451   0.015368
52.327658  58.482824   6942.277235    0.05  9.885959e-04   0.023120   0.014961
58.482824  65.291127   5165.490653    0.05  6.891025e-04   0.027276   0.023680
65.291127  73.001702   3891.360217    0.08  4.818521e-04   0.033563   0.037822
