# E[TeV], Flux[GeV^2/m^2/s/sr], Errors

0.2824449324295634 110.98787080637271 0
0.3550492712964554 107.76749702310268 0
0.44811195610041377 106.50566458233921 0
0.5633020996486038 108.40400833675204 0
0.708102631828512 106.50566458233921 0
0.8937048492167781 99.23895206005797 0
1.1234375945040427 90.31532591266871 5
1.406567971820598 78.87473698366672 5
1.7681355764751703 61.95531779711791 10
2.2315851795213386 50.713322832738086 10
2.816510498243018 44.81399149267925 10
3.5405131591425594 36.03997419662476 16.799999999999955
4.468524246083887 31.66055230761259 19.764705882352928
5.639778201721289 29.674642418888656 24.705882352941217
7.061123310739078 25.163685067021714 34.58823529411768
8.876231782411377 20.356477519173666 48.423529411764775
11.157925897606694 21.464487959905803 65.22352941176473
14.1391872504699 15.164405605819175 102.77647058823527
17.70256579571278 25.163685067021714 188.75294117647059
